42002010
52708315
57605644
67903127
70906739
75452649
77499259
80389028
80834481
81116282
81848408
83565317
86840503
87611797
97222543
97415715
113223129
120844740
122564064
125037281
125833768
130066339
136243833
136910572
139657200
154402008
155166138
156397935
168178304
170537315
171084354
173226386
183748927
183930265
200848421
228226581
237007392
243284168
247056682
250164653
251456152
253525525
254069301
260031276
269041785
272329183
272627136
275115757
276324904
277818932
280338154
280811286
281008416
281954191
283450213
283490046
284176766
289993401
291667826
292291259
292396204
292612500
294153686
295937895
296431844
297164382
305247149
308702681
309635084
310323439
317401230
327853403
329403106
330611871
334582276
337005362
337319152
340079254
343202670
349205776
349503164
353047847
357648687
359984039
361198278
361798712
365350565
365490843
369089051
369443030
370652039
371514931
372116198
372783172
373501007
373847271
374260454
374615634
381010937
381730312
384732448
385234233
391530340
393100208
394070659
394186687
395530512
396602816
397220364
397252061
398532172
401146967
401299797
403793925
406683932
406728646
410462260
411750732
413135572
415655550
416705139
419488903
424111807
429751481
437461186
438872204
443129679
447822934
448048307
448745429
449049501
449146786
450909226
452186977
452318806
454281114
454391303
455294520
455399251
455574999
457438008
461548441
461592099
462868559
467105931
469466466
469711989
471522738
471743709
473450567
476256373
476345636
479590087
491403244
493674531
496072239
496976743
499981536
501218909
504473065
504860339
510748148
510770869
510972632
511298168
511706560
512632564
514344997
514354551
516657900
517052972
517246832
519891201
523243284
525598756
528468218
529022376
529466637
530153066
542450274
544927211
545668107
545855030
550582587
553951004
554524720
562042053
563148738
568993655
573353389
574514600
574796555
574988850
578151998
584286825
584646056
591485238
591551091
591784562
592419556
593844644
594197690
595601545
596602565
598416533
599180606
614636936
616195446
616237894
616656666
623874039
624180173
624446020
624584275
624692247
625296269
626159815
627032977
627809401
632918979
635716805
651305558
654815438
657055219
664919023
670920505
670970678
672221560
673747772
675382027
675763737
691905176
691991805
693782577
695461973
704424119
707197383
708831492
709208929
718618434
727695518
729061127
732404373
734111501
734880950
735892667
736115181
736268156
737027344
742809593
743330328
745202248
745838408
745989333
746283321
747681337
750186061
751101225
752332339
754172170
756909078
766523429
767178869
769781487
770527139
771315746
772098936
772735062
774521840
774610828
776019917
776772992
779094295
784065812
790024050
790161648
791233415
792583125
794348842
798686140
799278293
799652396
799926372
809634774
810194672
810515333
811060132
814349734
819061862
819579643
821793961
826194027
827021248
827082427
827384011
827647540
827663304
836189892
837995961
839527209
840651234
841117221
843146241
843896512
844679930
844758917
845105708
845952130
849562337
851674230
852483286
852756744
854185990
857184112
857663922
857945302
861065294
861117191
861146944
863484963
863869676
864128033
865351393
867165151
867207044
871365986
872311529
872548393
872566052
875162379
875382818
875564532
875806553
876143497
891820539
893746246
894896034
897196310
906224673
906806662
911744965
919472973
920902669
925531965
925570742
931457876
934302004
934345443
934991630
936853820
947530828
947643445
948536570
948583578
948866515
949732717
952247639
954025065
956627759
958671989
959896615
962496111
965034554
969618455
970802740
971330934
972212507
974181152
974552069
976244975
977607898
979381455
981597351
981965320
986929679
991192719
993728537
995594044
1003566682
1006105365
1013083604
1013445486
1017520246
1020004958
1023990927
1028744502
1031878457
1031994157
1032501758
1042567074
1044792645
1045955776
1048602223
1051232011
1051625978
1054872753
1057434363
1058978292
1063294441
1065279786
1066312853
1070272414
1076068987
1095908464
1099203022
1101228508
1102007494
1119797804
1123418325
1124215116
1136337944
1149108657
1151639747
1156406300
1158259689
1161929864
1163619346
1165476871
1175469167
1175849574
1187264624
1191497100
1197065625
1198352680
1207602590
1215643056
1219075666
1219342327
1262699551
1263164912
1263478456
1265788259
1275151202
1285066043
1285089962
1297552104
1303443695
1304721031
1320819430
1341378536
1350475417
1361238992
1367282798
1393868402
1402655965
1403267840
1421284215
1436500924
1445037429
1447353602
1456189716
1481847744
1501083777
1533031091
1546562939
1564164430
1565151484
1584708040
1612339088
1695357074
1730990366
1751979798
1781992641
1782589350
1836304111
1844850050
1849412705
1902748218
1942150256
1971717428
2226065658
2297262709
2310660575
2372685912
2428350667
2436201981
2528691928
2683228477
2760552610
2811443232
59638
198220
365939
468389
632996
720746
931530
1395548
2228714
3543243
3836765
4706360
5409186
6427612
6836492
8229682
9540781
9734370
13330331
13977255
20020024
22224619
23300427
27122383
27175966
29314569
32066273
39339564
39439719
45570652
59888000
61697131
67675555
68735909
75787770
76129873
77128381
77167567
79526059
80847972
82586246
82929223
83498486
97508205
97508813
99692999
120358567
121134778
122251104
122392668
136446131
138505858
147686508
147892589
156227851
158993582
189584864
191013111
200930979
228342440
228548962
229432357
234037007
236416639
236705460
240664340
243244857
245096268
247527282
252428941
252454029
253852018
254767692
258713403
260813983
263196970
270022769
274614937
274669348
278944999
280299213
280346958
282800014
284206410
285350961
285859896
286153073
290830408
291530532
294139512
296852520
296959009
297164382
302452179
302949449
306008778
306873291
309437523
313689229
314683612
326208954
327410087
328152454
329438978
329797320
330746526
331369837
331778437
337044142
339564806
342942652
345666680
345823524
346581019
348798634
349771814
352932234
357736422
359788129
360577766
362585291
363005718
364228666
369443030
370041617
370935446
371512836
371882592
372255308
373091404
373382062
373793072
376658820
377265409
378288389
379569547
381010937
383134004
389077154
390779404
395111908
395591845
397493315
397654768
398080694
401395528
401758675
402242636
403432831
404271345
404374370
405299233
406858041
407599000
412213372
414021427
414887576
415106042
417146375
419641978
420324980
421301174
421316188
422541851
423827910
431156586
438023425
438898073
443081143
443105572
443534657
446589633
447170049
447838834
451479109
451878081
458596871
458828985
460843384
469487381
474458424
475295705
475761271
476754661
490385597
490605360
493415498
497517978
498064023
504814478
511494913
514914632
515066228
516037914
522129576
523222323
527106772
527352771
532462750
535447508
536561721
540796638
545953493
547177072
564619709
570671777
574549061
578151998
578542643
578933389
583712837
584286825
591061941
591434459
591810095
592643919
595518153
595847202
598449979
604763608
605836762
605950232
616565428
619395632
623019169
623064259
623745152
631339879
634220485
635716805
644623570
646092670
646980007
648672361
654814870
657225373
663727651
664091285
664220054
669414626
670337605
670673045
673001078
674082748
676691605
692270258
693966370
704088333
704920211
710037788
710433626
714045474
714666849
714856501
718937814
724987060
726338941
727710074
727769098
735397074
736921448
741695105
742007613
742020160
745936736
747736567
749963514
751104844
751994332
752208582
752734427
752825400
754528742
755109803
756842974
757840642
759188991
761185643
764230838
768309546
770928549
771642209
772348636
772809270
773766570
773938240
774280014
774903646
779037204
784857856
785317352
785484991
786550871
790210376
790277287
790477190
792087662
792459923
792975234
793157759
798981133
799761817
799924439
804421658
806672164
809027554
809248023
810354800
810915874
812695072
814605597
814763214
814992040
815839068
821620492
823156687
827619558
827689402
827819852
834495003
835000449
835610965
838637220
839549313
842588031
844052942
844062345
844244715
844532495
847443811
847795900
849935656
851674230
852322866
852449716
852939759
853457522
854451092
856785555
857718780
865064533
867672416
867673718
870559223
871336665
871654714
875863994
893476513
894158555
894569731
894891719
904358918
904522921
904562840
913443525
916944571
919050294
920332284
921518388
921769515
921773853
923896686
924752921
927764683
928170515
929301499
932069145
934503466
937709297
940009111
942834655
943644618
944508663
948821319
951352890
956110613
956475751
961095070
964057119
971716931
974294244
974535290
975885093
977929001
978093566
980402358
981382142
984449809
984513993
993584141
995901150
996365938
1003832128
1004326142
1005859878
1006208341
1006466839
1009960713
1010279444
1014940542
1015189953
1029622642
1037460054
1040600132
1040850200
1041451367
1042082363
1044347897
1052406787
1057708340
1057899741
1058114989
1061295250
1063619338
1065575254
1069035662
1076480238
1090401914
1094089766
1094122709
1099404161
1103376617
1107844550
1113407454
1115126954
1115296389
1131162444
1138218169
1144956141
1145326273
1147378297
1147467009
1159867499
1171509212
1175658947
1192791900
1192994833
1194439197
1196131638
1203569625
1224814979
1248022971
1255212823
1259983668
1262699551
1263789850
1304338853
1310552029
1318344131
1322608008
1324851543
1325588955
1332867412
1334146194
1334596760
1336571344
1341068766
1341818108
1348801527
1354770418
1360330952
1367251903
1369337187
1375840987
1378674594
1390193434
1390997341
1395738827
1397548391
1397966784
1403036478
1418492634
1443341639
1454005178
1468525234
1477458819
1479001427
1499903470
1500261013
1505400784
1512242477
1553771137
1587770600
1624041328
1653730377
1765505962
1772327237
1774656448
1781992641
1872337557
1964172772
1971155310
1984709681
2275935630
2278784885
2292216078
2399897173
2446574414
2495263531
2501760640
25735
47856
226506
305573
981886
1553938
4261557
4309164
4706360
4911191
5264225
5929742
6427612
7612511
7679909
7896833
10109705
18256326
19880520
21605021
23320796
25580865
27294957
29518708
33209850
34427285
38862004
39213238
46329852
51392290
53793118
56571821
58003866
61815414
63656565
64633905
65798332
75155799
75438439
78199657
80389028
81080215
84255819
85257684
87790052
89927350
97540694
100348011
102341706
120368432
120470280
121760448
122296758
123338186
123672425
130091772
136287872
138033103
156227851
178716223
178726923
179190422
191663827
195489451
229036658
229059139
240163153
240217759
240782482
245443915
245692212
248399139
252598885
253616833
260049350
260813983
270793587
275277732
275836546
276471389
277503266
277836327
279298931
279694110
281822255
281954191
282964142
284862338
295371812
296572228
297196139
305564419
306873291
307080822
307395406
307844593
308695825
308987204
312000282
312471356
324737269
325691600
326148628
327465510
330562012
331033308
335426641
339446413
340151229
342841439
343221109
344675347
344766606
345734961
346011836
346230373
346579351
347468585
347626680
349687923
350199528
350311008
352214322
356662069
357105957
357409553
358383424
359675208
360346807
363383209
365988133
370022712
373024779
376651278
377302330
378230896
380193563
381010937
382553041
382623854
382971145
392443980
393613067
395283544
396268222
396984025
397362668
398304065
405244187
406180798
409925622
410437681
412288021
412797177
412936078
413306184
421313398
439041980
444809181
445164820
445504747
445666981
448467570
450213805
450265202
451007594
451072329
451397690
452671960
453672379
454661119
461305531
464412447
467604897
470936982
471522738
472656679
474012361
474700727
476890481
479090363
490496892
495210494
495452101
496912685
497580488
497605814
499602537
501344328
502286656
503231814
506090401
511361158
512282462
512613114
514470881
514928238
515013901
515675416
517985561
519169550
522201652
522494671
523177309
523302469
525273703
526120270
526476143
529054863
531140052
531612712
535390905
540422862
540452870
541759156
541965480
544101405
545379169
545854345
546823520
550785829
553946500
554760783
568654954
569072296
571490171
572391951
576741413
577353661
578801942
583715820
584286825
592665649
595719889
596406000
596873331
597559288
597981200
599180606
603150913
604893969
609003734
610937615
623677355
624739914
626091237
627225829
631214644
631546478
634217672
642208133
645975239
646526058
649280286
649347682
649981676
654513899
654954415
657106535
659717176
670024274
670748262
674035351
690908096
694380758
702299903
704667743
707184538
709176300
710439931
726649686
734600743
735774813
740819749
741362027
744710189
747189741
749476461
751505541
752310629
752719360
754489277
755178918
759581811
760412837
760514300
763308052
763896261
765838185
766131252
772098936
778119469
779137096
779219478
781913609
784857856
787532944
790687391
791001641
791512615
792581281
792626634
794017065
794367280
794642226
798132500
799031619
799084514
819193776
819450093
820296401
820900421
826751081
834780707
834921769
834999435
835364679
835608754
837125600
837778720
838777026
842697377
845127680
845772242
846816812
847374290
847467120
850585616
851947169
852085983
857301873
861215417
863791201
867472279
869104190
876199796
877185050
877294506
892674495
893766631
895162467
895828043
897359335
897413890
897990405
898654759
898829757
903337681
904851068
907355320
910564870
911916320
915309174
919831257
923143760
925570742
929124477
937226904
937292067
939772500
942918325
944618830
945114834
949503182
949573325
953681294
962848912
964781249
970062330
974246667
976028094
980206981
981805868
984603612
985136899
986511132
987144090
987363945
991653627
993450962
995590133
1002247915
1003209830
1004122588
1005844667
1006670445
1007510904
1012314590
1016097701
1018132063
1021618077
1024170954
1032555738
1033045591
1037267797
1038885974
1042420155
1048599168
1053763252
1056970730
1059852385
1067472714
1070344069
1073050848
1075584055
1077236248
1091718834
1097587455
1098301419
1105475118
1113649793
1126635340
1130440564
1132049631
1132711797
1135060434
1147678515
1154006101
1158857641
1160033655
1160772598
1161140339
1162149544
1173160988
1173658067
1173839557
1176730009
1182709501
1192958502
1196084703
1197778275
1198930635
1203326652
1203893474
1204952364
1205903999
1213432444
1226353876
1246003464
1256155909
1257371441
1262699551
1271672118
1279086782
1281426681
1282231329
1285075982
1289012698
1298577364
1299169466
1299708793
1309536878
1321265120
1339929405
1348174369
1371863133
1374449695
1390687117
1392208312
1404735639
1412027611
1414408660
1416040001
1423798575
1429997532
1439196661
1443390001
1447913670
1450237241
1451625527
1479039916
1479618248
1490624307
1500655696
1536490159
1574911406
1594371804
1638980353
1639838915
1649230217
1661644257
1666585609
1669161711
1716964157
1730002350
1751063115
1753574360
1756440039
1760559981
1773756471
1789102103
1830935011
1935905174
2233916868
2250631234
2459434141
2534014818
2583387653
2602051913
2631758200
85962
266482
303226
632996
736026
1345665
1463666
2309605
3178854
4706360
4911191
5569851
5823182
5913216
6427612
7125106
7306954
7896833
9698653
10836807
12757564
17008716
18926717
19610769
20192006
20479651
22477517
25355365
31004633
32156393
39160729
39213238
39840367
48083020
49979812
52679017
55121844
55638934
64426331
65538222
66056540
67899993
71898101
75997487
76328785
76521424
81910969
83014465
86692927
87747894
87790052
89025396
89504608
107035735
113877939
114499453
118131915
120390274
120469211
121120880
122187889
123823536
137651926
139320119
152817918
154341366
156968303
158041482
165243633
165484615
172485274
172806467
179006554
181674478
182368126
183161703
185184625
200538714
200540438
228322454
229127729
237904542
244014328
244043538
244429760
245366789
249510224
251087554
260813983
262607835
268031512
272758583
277368355
277529529
278880251
280343519
281954191
282465882
284674067
285551219
285753397
289694147
290774927
290823220
294141993
294265719
295039159
296322068
305126949
305646587
306873291
307082366
308473995
308987204
312903777
313001011
315901039
316904225
317039005
327023652
329081033
329190635
332024084
340079254
342460472
343481406
345500804
348872127
350050517
350146470
353967367
354220750
354788906
359578987
361601322
362778866
363468336
363616164
370801961
371634175
375757244
377764403
377899025
380507163
381010937
381113539
382971145
383128860
383139588
383379514
384768062
392490225
392777992
393944869
395835453
397834609
398257826
402850634
403849261
404076496
410809203
412168012
412824288
414387361
415308174
422606792
429108190
434354194
442139746
442182329
442711472
447430641
448373028
448526022
448553814
450044479
450593402
450958374
457705478
461559232
461935443
469723123
471305677
474786154
476695326
479192946
496094927
496921364
499309254
504540619
504590353
504826481
512227807
517288116
517537970
519065586
519537661
523317737
527259971
529949632
531140052
532391437
532583615
540804125
543083482
543488468
544094452
544215941
545486619
545744656
550968922
553744916
553991283
565712327
573559202
574353033
578162659
584128486
584286825
592082031
598257378
601210708
601282318
605211685
609414938
609742886
610427226
614204478
615905196
616457306
617433582
623767575
624649638
624994198
626994891
634140933
634561125
649264274
652085589
654097246
657711699
705846252
707671759
708809331
708831492
709085123
710985139
715700942
716534843
718397464
724340131
724367182
727105780
729056835
746593351
747736567
757077432
759666149
759737012
759791555
763613505
763814733
771856420
772043619
773914845
774290062
775187004
775457430
778323985
782697561
784668090
785061224
785419131
786293570
790657781
793349383
793397951
798720842
807614195
810330115
812079803
812964666
814962961
819874357
821133905
823906725
824682869
825342799
826346343
827839131
834699973
837092654
839280752
839891358
842167731
842201598
842433431
843096357
844703706
845175552
849100340
851387611
851674230
853690955
857337327
861215417
862530285
863312822
867291851
870178780
870935470
875258403
876215673
893033929
893382452
893459995
904000209
910300916
911357307
915415916
920823160
920891750
921722405
923896686
924294666
925231836
925394064
925570742
928653479
937401348
937833321
939374264
947343121
956514193
960812603
970454266
971338767
971724725
972033566
973891614
974643603
983574761
986376005
986381154
992100232
992813282
992883354
994945054
1002230269
1003540230
1006207425
1006510062
1006596575
1013464771
1017353660
1019214997
1019422180
1024351901
1027341930
1027993881
1028392576
1030426533
1031672739
1032363968
1041476256
1043574748
1044329831
1044528204
1046062755
1052026594
1056246050
1059027157
1060026091
1060100431
1063137541
1065945767
1069179478
1070633763
1075376260
1076039021
1078740890
1090692486
1098987984
1099068203
1103374138
1107753253
1121234833
1138965222
1140501156
1142611301
1144656123
1147678515
1149219535
1151919412
1159835761
1162352369
1164029106
1172566400
1183484985
1204173769
1207410513
1257028858
1260872725
1262699551
1263042910
1274136397
1281293449
1286925324
1289634806
1289977083
1303442960
1305140331
1318344131
1337768425
1341974797
1359130611
1362776928
1371403404
1373790673
1377857709
1395534208
1401615487
1419821815
1421767404
1434263744
1436343158
1451932927
1455747389
1475138156
1515084582
1554886999
1562671552
1589998997
1608917099
1617955115
1620946338
1652617195
1693549141
1750536660
1826573342
1836586506
2223180498
2274021666
2465007211
2583486459
2623357373
2643037087
2818790427
2855916733
25735
226506
1768474
2031192
2580570
2772523
4706360
6329741
6360096
7053681
7896833
8275770
8307042
8829904
9866242
10082668
11031480
11099257
13576048
25285389
27294957
31008421
33209850
45333612
48084968
53349010
53490754
54553309
55761164
59112812
61065262
64976505
66929336
67726608
75198907
76285265
76300407
76636801
77066592
77697916
78636468
83284552
83668541
85086885
93663565
93666552
101703407
114461270
117483230
120139104
120170034
124041995
124527388
125109106
130066339
137244508
137458556
137810310
138033103
148078206
150795526
154871349
156227851
164060828
164821213
171616939
174930936
175564572
181185911
183487055
185763431
191699998
199605244
200531214
200983936
214965663
215380694
223642595
228136063
243606142
243665209
244126844
244968130
245787067
245860267
245916166
250395423
251201770
253636225
254165242
262109979
262723814
270382966
271405980
271729044
273542432
276645934
281262697
289512983
290773687
294153686
295097418
296079287
296650633
297164382
303609646
303990609
307701477
309494896
315571919
315946087
317205252
326337021
329170443
330555335
332423319
335864002
337156289
340568373
345973537
347146670
347660514
349015955
349236736
350753205
352030114
358634634
358744329
359047982
359384593
359788129
361130208
362477302
365980095
372101974
372942980
373228835
373464083
374854035
375008231
376003103
376466710
376650052
377399091
378230896
378340961
380439322
380813331
381010937
382971145
383632168
384554120
384789706
384997430
385896390
389883679
389903800
393999440
394646305
398257826
402343958
403110752
404103400
407939154
408526083
411750732
413091194
413650137
413723232
415981734
416063832
417057317
419450455
421820560
423352092
425188883
435321185
437332153
441043337
444236219
446434007
447411944
449185433
449195066
450128257
450190670
451100638
454116102
454891831
459112910
459804567
460443607
461750871
462828722
464546088
464562814
465312695
466201914
466260829
469769663
471863882
472751073
474162680
478553178
490095255
492187051
492888660
494974728
497895385
498009895
499930536
512542914
512842281
515095510
515857368
517001861
526150025
527858051
529100585
531363278
532294653
540794016
542987030
545392275
545819835
554359300
569308971
574213858
584286825
593036052
596167963
598910584
599180606
601905756
601979007
602029657
603031814
603998985
605287432
614165137
614948687
617208062
619233680
619649965
623906810
626607730
626670771
641630818
642879400
643030612
648057731
651358116
651374495
653689315
654694002
654954415
656011922
669860708
673273244
676614023
690353822
690653365
691738874
694209451
702071563
703355132
704202540
704303286
704730946
709008697
710308055
714435142
714605157
717220922
724741341
727422230
729264072
732218136
736390118
737359499
739005869
739397559
739782276
739949634
741995262
742777479
747581493
751393181
751561152
756760265
756888807
760861670
763264508
769149954
769617848
770189464
773537188
774005088
774290062
774557618
779347011
780805984
781646413
782044838
784857856
785878363
791495527
792427717
793626327
794356557
794834621
804919396
805083911
812082496
813592303
814225789
823710688
825355389
825356051
825522431
825979035
827044269
836341985
838338004
838634658
839742592
841056931
842869788
843607307
843919748
845831562
852283278
853893453
857718780
858259381
858947505
861181098
863243499
867301125
870694182
876936357
877641344
884134884
891136205
894415445
894994918
897676668
897829274
903240371
903945586
904513156
905021765
905098116
905784198
906989472
908056293
912927322
916188124
920714827
920853502
924294666
925570742
925849666
929984405
931479983
931878050
934113254
936080407
939248640
939374026
941903039
945114834
945438608
945481940
945681982
951299336
951384030
954097532
954183643
954902517
961070633
963786439
970062330
973160138
975441001
978930962
979434883
982808771
987847308
990783972
991192719
992777176
993454926
996769623
1002411375
1005092165
1006105365
1009732670
1017603000
1023858334
1024237956
1026791960
1027350541
1030860965
1031741223
1031871565
1033554132
1033673784
1036585360
1037128749
1045497862
1046699313
1049132381
1056727242
1059101777
1061329622
1065575254
1071496546
1075948111
1077050362
1098019747
1098483897
1099708236
1101165976
1101607391
1126312342
1137947147
1139745946
1149243557
1159992854
1163999222
1165400770
1172566400
1185192441
1205427390
1215641368
1223754658
1242482781
1248932057
1253545333
1262699551
1263558753
1264857418
1272016345
1275689016
1281426681
1290754533
1303528256
1304008660
1308398100
1326916844
1329175041
1335904360
1342691535
1347100413
1353886749
1370347110
1396917684
1401615487
1434576505
1436059641
1436682659
1446400949
1449950859
1452443244
1461995449
1462249201
1475138156
1476658057
1508946674
1525844968
1532359788
1553238943
1554010644
1559483710
1561276999
1569560655
1584036098
1593902204
1743995439
1754042813
1767675422
1769543080
1772395312
1799968184
1819546420
1832999100
1837945369
1966841949
1984752100
2236265093
2236995865
2367438573
2390571012
2392448812
2512193110
2569402013
2625202088
2659687898
59638
981886
2700590
4200790
4911191
5517237
5627917
8663664
18343340
22931853
23300427
23326919
25355365
25811531
28672076
45791345
47334277
52192569
54366859
61815414
70883584
75787770
81628140
109672615
120232888
124209627
125392251
133321202
136055814
154421007
156227851
164065157
171733415
183444148
188106482
191390145
191896915
200849084
214758892
214981983
229087586
237322326
243053515
243716142
244344439
245779721
247031092
247298189
249510224
252324979
252852511
253675714
254165242
254309671
270844503
273284417
276324904
279062984
283514152
285935459
291000769
293511644
295127532
296212889
302789751
305463435
312899454
314261261
316400926
329663475
329905872
330432042
331941552
332810850
335930760
337057430
350615501
351326410
351755348
358021863
359788129
363027657
363530585
370801961
372840457
376465527
377872308
378499201
379828666
380337175
380641506
380978217
382971145
385896390
392056026
393378011
404009637
406473283
409529845
412349986
417057317
419154943
419515057
452361667
453469352
462907997
463551846
471700646
475165294
476305839
476960503
478472916
491012021
493149568
502328206
502707022
506280195
513843754
515475207
515675416
519744793
522238243
522412759
525315351
526060859
528896902
532328060
541542856
543488468
546977059
547411236
552310967
553720901
554003902
563498724
568140751
571776461
578683460
584286825
584857336
584868440
592562630
596456486
601123394
602527888
604135114
610938661
614702946
617312125
623535825
630012550
645077843
646007278
648914772
650965155
652496375
654241820
664326064
670649710
674354843
694366902
703183041
714280130
719196228
723418107
724246747
727763443
735213222
735430527
736909028
740216709
740485557
740996700
742398469
744482809
745469792
746639473
756275895
758468139
760801560
763421425
764793493
767430852
767673350
775818800
779498115
779518532
781802999
783601002
784502700
784830313
784857856
787480503
793628713
794401105
799473881
799909631
805020355
810194094
810430027
813846927
819612844
819657552
820662499
825158686
838031636
839815105
841313163
852476329
853155839
853955316
858190451
861090230
861508009
864543757
869093450
875743979
893800639
897261510
897570147
907419906
907985130
921901480
936097875
937113652
939819034
939913013
943214981
945117621
945547053
947240773
954209895
957233976
960690945
960783655
961836976
963206881
963751286
964356849
964733805
965403787
965653371
969372707
969794240
970062330
971724725
972786033
977897982
978959250
979530214
979628662
982014781
982399682
982796089
986643232
997728066
1004766389
1007985276
1009124633
1011798219
1013157592
1019358188
1019660569
1024633795
1025261896
1025811121
1026706381
1027014685
1029004408
1035822586
1036748345
1040956583
1041232356
1042291043
1046334405
1046503219
1048323786
1048547046
1051376543
1058894724
1059693845
1061964463
1065284482
1065955917
1078874729
1085441045
1090336018
1091051764
1094006573
1097826140
1101700495
1103365250
1103814144
1109217859
1109803137
1115252885
1115424167
1120136713
1120650231
1123395996
1140107331
1141320774
1143355938
1159637356
1161072862
1162430583
1170096416
1170293971
1174120300
1175239352
1175299792
1192756645
1198719902
1206455636
1207659181
1207730790
1210137684
1225500203
1227558020
1248314952
1249174907
1254680304
1257293874
1259282701
1262699551
1272732336
1281391462
1306100960
1306532205
1309817518
1311727607
1324887477
1327719128
1332500706
1348717326
1353790343
1361996720
1369318150
1394231146
1406195220
1412454246
1430819063
1452044024
1466918308
1509649733
1515062829
1548570156
1565522133
1582211764
1621653162
1632417412
1677235891
1677822018
1686522387
1695153062
1761431859
1763609407
1780402271
1906267291
1911923097
1915218372
1964029492
2214151617
2292221208
2366670961
2398817824
2437179946
2651492734
2665844786
2671233699
25735
59638
230824
359652
838185
981886
1277672
2232766
2404561
3441281
4911191
5571252
6427612
7896833
8655585
9183301
9685113
9823085
9866242
15811469
25355365
27294957
31008421
33209850
38344509
50962222
64307131
78091336
78965745
80389028
84871888
85089371
85280724
95381278
113968306
122965448
123767339
136991034
138033103
138606694
139270429
154782104
156227851
158373013
164371894
171086526
172263996
184367955
184374129
190337572
196130826
200517052
200849084
200949202
200995936
215141234
228200946
234037007
237495146
240054788
240977895
244979144
245108285
249378510
250179459
252091413
260813983
269588252
270304063
271021417
273445224
278532420
279067020
279439118
279926259
280028514
280856865
281954191
282098246
282108733
283321043
284666621
285153134
287156859
291488724
291678847
294141993
294319385
297164382
297762990
302900826
306873291
316663688
325811190
327127167
331033308
331042788
331259990
332553373
337044142
343494382
344597447
345500804
346053930
347556763
348218111
348243771
349771814
350225283
350634049
353274909
357741921
358615836
358634634
359788129
361719056
369870314
369996315
370022712
371170765
372381077
372406426
375202008
378230896
378269370
379275513
379335507
380813331
381010937
381185549
382215583
382485843
382971145
383357258
385520997
386885692
389020995
392734388
393515508
396232670
396991058
398257826
398787968
401850478
402184120
403275046
403744612
409597236
411750732
415010586
416449457
416497835
417057317
417497583
420347357
421875913
429371411
429668074
442502401
443128130
443852134
446496169
448515042
448759018
449159916
452419473
453527631
454416463
454645307
455740242
459443871
463033546
479986293
491706470
492092141
497394009
497651895
510199371
511085065
519835148
521669043
525045765
525332018
530508887
531326811
540431879
546372460
546977059
554068264
554387936
562076005
562161746
562937892
564228634
568140751
569072296
570117712
574617613
576420029
584286825
584408779
591620594
592676489
592722157
594145732
594750170
595301343
598093754
599180606
601396565
602092018
602611313
603069681
604893969
605813775
610026923
610314484
614527169
614702946
624987616
625047578
626820515
630564952
632993047
634034212
634045403
634045600
635048404
641305004
646580593
646810837
652679855
654167792
654318623
654954415
657456079
664596101
664909901
669860708
672221560
674517737
675934625
695577187
704094386
704846764
708831492
709098710
709201335
709824059
710345495
718839947
724556530
727451825
729463201
730437915
732138109
738508864
740200748
745469792
758005129
760165291
765078978
766886686
772980021
773766570
773793040
775099928
778154644
778738490
781465900
782611875
784857856
786528050
786792784
791222656
791267923
792563676
806302791
807718068
807949180
811060132
820776850
821493002
825233684
836920386
838031636
839007233
840610506
840793870
842058322
842984481
851275384
851493690
851823002
857484402
857718780
858688272
862294906
864697725
867397860
869803866
869854547
870262933
870464233
895737616
895774254
896531520
904314286
906606425
915066657
921180275
923226197
923433748
925570742
931801068
943232141
944264528
945943703
952899359
964397075
965838488
970062330
971602431
979091746
980112986
981875766
985630187
991641513
994591526
1002884430
1013007491
1013215280
1014461476
1015040901
1017204060
1020014488
1038390766
1041784100
1055615422
1056438652
1061283556
1063100764
1125069230
1126065184
1127741863
1141117660
1151680818
1157046281
1160033655
1165727813
1172667745
1187173886
1210010555
1262699551
1273187786
1281426681
1285075982
1305246260
1308398100
1318344131
1344367619
1349272043
1364088394
1414187705
1511891256
1530260050
1543589377
1552136861
1572309095
1808520789
1912368100
1921798523
2214151617
2233687774
2233916868
2234335008
2322342921
2413853208
2604447291
2647299496
47856
230195
710227
736026
981886
1062821
4200790
4972394
5913216
6427612
7896833
7899289
7931442
8352249
8998973
9685113
10367535
12757564
13135677
13681192
20020024
23300427
27294957
29141156
29513118
34849137
45655618
50837709
56893627
65054493
75308476
77870952
80389028
81456661
82229104
89768283
99573057
100547916
105106090
113021767
124527388
130775880
149520000
149789754
156227851
156968303
158397750
171100861
179924055
200813714
215550102
229127729
234037007
240054788
243250384
243606142
249510224
250300722
250344916
254925443
269588252
271032142
273059869
273445224
274224697
276324904
278065878
278084810
278129258
281916141
281954191
283127568
289679273
292727612
294153686
294813205
295127532
295810791
296613400
297164382
297167897
302785777
303894688
303970718
306873291
309004342
309476401
326379904
329170443
331369837
337044142
340244453
342841439
343746487
345500804
346655364
347474533
351611540
352879753
355410333
357630778
357741921
357927968
358304206
360967742
361915472
363027657
365036371
369443030
370748338
370801961
371452223
371570475
374399073
378256393
379828666
379875150
380508098
380980529
381010937
382121339
382971145
384000387
384870434
390869883
391353256
392187285
395571014
395722475
395936933
396111176
397680879
398257826
398268286
398938301
398952252
403053769
403463463
407418627
409708074
410795679
411562789
414387361
420492361
420941799
429285043
429371411
434354194
437550262
442165215
442454342
443508457
443545098
444601405
445109247
446017445
448771358
450612470
460582859
462661924
463533356
465280309
465417615
465695510
466537348
469819954
474012361
475522322
478097583
491015738
491631777
492374331
493034996
496587283
497895385
497923948
498952037
499300757
499972727
501756417
506022040
512550268
513087647
522254091
523530938
524154996
525462021
526388560
527142431
529832268
530878561
532188591
534960261
541188798
541759156
544852215
546977059
547423785
552070821
552460203
553755944
561043015
563498724
568004113
568140751
568247197
568692167
578268001
584286825
591393314
591434459
594089045
594145732
597437689
597862753
598405686
599180606
603031814
605078011
605160525
609924217
610704796
616907605
617493230
625859811
626131595
626553324
626742031
630992623
632578128
648581890
654954415
664909901
673672830
690291813
704097690
708831492
710620083
714329915
714777894
717965056
727018843
731449118
741926313
745469792
745823825
747040867
750359267
759024472
763966854
768181520
771076662
772012352
772098936
772524615
773695373
774346242
779120009
780751371
781254333
781913609
784857856
790084177
790304734
791818924
792552370
794183169
799474722
799880989
804983331
805816471
806911319
809681620
810624134
810882110
819670154
820120570
820501174
825522431
827600832
834037961
835721781
841583980
842702640
847417794
852111125
853545431
853934635
854481972
857259413
860071900
861215417
863800289
875058121
876215673
892900036
892951857
893324410
897823953
904000209
905811113
907847864
910974337
917150597
920361371
923896686
929387051
939195561
940180448
944973612
946666262
946885996
947767387
952926335
960783655
965706233
965752834
969618455
970062330
972895425
976187618
976644211
978007105
980213858
983316646
984603612
993724184
1005480669
1007177407
1010237753
1018687537
1025671180
1035767308
1038635627
1043104974
1043282648
1056380654
1060711566
1060714513
1061043348
1061964463
1065428319
1071922387
1075376260
1078303033
1092979772
1101598906
1113147319
1125056965
1147615581
1148189109
1149594541
1174239240
1184484929
1193716530
1197042514
1210010555
1213509436
1215265543
1255902629
1256917951
1257343371
1262699551
1274179630
1281426681
1294315737
1298477917
1300707516
1305021727
1306225397
1312404657
1316700747
1334551600
1337627197
1370347110
1398156299
1402195738
1439080296
1455747389
1457498210
1475138156
1481810898
1505503197
1515084582
1608344765
1647365170
1651705895
1753883257
1787148898
1850356009
1942803088
1950722889
1967814456
1968095006
1980209741
2223180498
2234743304
2239903008
2512404750
2569348234
2642839554
59638
359652
454753
715247
715471
716029
2228714
2404478
2435056
4200790
4706360
4911191
6427612
6429976
6673433
8493826
9577707
10520803
15725611
23300427
26962678
32578795
33209850
39213238
39439719
44906369
45598351
46360032
47145252
50962222
63502014
64040999
64610254
65054493
75006076
75787770
80847972
81061085
81895140
82027959
82313922
88293454
88515584
89545852
95562011
118131915
120325106
121091367
121564679
122033992
124890829
127854019
133301261
136198479
136671952
148334118
153507087
173387881
175426042
175700387
178200515
178806134
179061996
183007237
190067353
200540438
200999222
214790175
215846093
229110594
229756736
231721711
234037007
244717622
253476743
254165242
260042027
260397494
260813983
262605565
271457486
272277281
272755246
273059869
276324904
277025943
277358638
278354042
278944999
279062984
280415888
281954191
284425425
284846598
287305822
289457498
291944637
296467400
302684199
303718968
306002003
306398731
306873291
307701477
312168513
314944888
315606823
317235401
317597897
326043014
326379904
335426641
337044142
339862396
344766606
345500804
346105507
346655364
348213533
348954388
350006700
352704277
352932234
355558288
356120461
358018504
358885078
359788129
360161001
360271014
361572897
365350565
369941301
372293841
372952213
373461937
374628526
375692942
381010937
382121339
382971145
385896390
389166364
392916819
396207869
396235653
398257826
398747750
401372778
401708973
403483296
405712628
408200688
410083561
412796061
413348624
413526153
413792585
415010586
415366694
417057317
417525508
417655616
429285043
437386981
439951634
441817680
441866074
443508457
445974513
445976390
447367064
447411944
447615977
448267527
449324497
450274518
450432149
450883957
451595063
453571482
454847600
457481246
461072010
461700377
463533356
465437307
466433994
472076122
472168733
474700727
475297786
476305839
491518287
492194787
492835602
494608108
494967369
499154461
504860339
505776191
512467209
515305711
515675416
519169550
523408776
525135581
525931690
526914662
527822857
529677629
531087354
531849349
532088038
532860154
534153222
534661966
539956972
542246326
543747181
545744656
546528446
547041801
553028224
553430850
553946500
554068264
569141279
574979152
576140309
576641754
584286825
584564596
594588175
596666139
598477692
598854078
601395152
601853371
604277487
609311977
614038206
614401834
619055019
624246236
627459029
627576023
632089638
632532119
632622707
634207740
649737955
651111465
657972738
673080520
673672830
675195924
676331121
690881431
694538500
694548825
694647681
704408056
707355461
708898674
708963602
709380749
710183683
710317347
714077825
714107330
729724949
731023242
731496453
731906332
734856135
735790656
739568831
739852933
740550106
741443152
742044697
745849541
751087803
751753394
754982422
759183925
759236180
759573085
761865435
763521963
763891024
765271337
770344415
772098936
774211342
774872246
775462820
784624758
784857856
787206337
787838502
787950514
790061214
790477500
791216397
791898901
792604882
794004566
804638897
805588853
805836295
806810243
809293095
820077899
821703976
824747276
834607218
834709573
837467012
838407921
839271482
840034090
840232958
845445303
845596350
846280508
849789697
851933859
857718780
861533619
867609617
870559223
870602481
874633043
875537804
875559224
877686444
877832336
894765371
906005964
906224673
907065133
908657105
912038088
912936418
914453134
920400673
923896686
928223505
929124477
931502025
932224860
935604445
936237274
939928696
940309581
940507864
942620602
943790345
945114834
946172119
947354420
947935591
956222511
957045603
957337357
957911664
962848509
964288300
964444302
969505086
969775305
970062330
974617462
976226035
976749625
976947171
980847040
981086232
981233615
984155502
984265846
985890798
986927019
996096158
997272458
1003151740
1006419451
1012907745
1018097113
1018167518
1023247867
1026398874
1027060151
1027865722
1032132078
1032378635
1041017417
1050661183
1053552390
1056191050
1061196810
1061235612
1063845415
1069818842
1071953846
1072044416
1075376260
1076571391
1076713189
1084688625
1093097451
1107507880
1113738050
1115126954
1115770571
1119035866
1129391614
1134192618
1147151637
1152496817
1161653712
1164811706
1179313986
1181813644
1182794570
1183998465
1203266285
1203893474
1207242313
1219567972
1220163774
1223383229
1225091128
1228123593
1250788264
1252142049
1254404018
1254645441
1257669082
1259300522
1262699551
1277047137
1298433565
1318344131
1321548467
1329689334
1351170081
1354544797
1363566100
1370347110
1416040001
1426330170
1427850949
1433275168
1434008536
1436195299
1449696002
1479618248
1515168141
1602687853
1609084172
1637065211
1669161711
1772327237
1821921733
1832719330
1920836172
1925225494
1947954020
2223450323
2233714572
2366288667
2428027111
2498664924
2515781178
2516334831
2539639750
2624009010
2793774567
2814559784
204951
230195
702151
1671787
1702144
2228714
3805741
4240474
4911191
5656401
5789501
7466361
8511337
8577353
11315800
13385884
19661222
19880520
23300427
24034025
25355365
29845979
34612677
39213238
39439719
44320292
45524493
53533503
58005825
61815414
66377674
68831082
75178274
75787770
76674079
78659028
78807100
81001240
82401829
82481168
84567210
86480356
86750360
89286025
94414916
94476407
97005562
99722799
114075557
120511101
121030452
122105710
122143604
122804333
123897533
133014967
133221345
136226622
136766664
137317907
137923080
154553174
164108262
164348235
171852610
172807118
173825350
175700387
185146997
197648766
200835547
243159043
244037560
249510224
250333497
253835888
254665562
254789361
269317007
270289656
275345508
276031104
276273942
276687424
278065878
280659048
282259817
282824928
283000847
285426046
291832253
293511644
295154788
303135340
303407228
304258128
307337324
307413959
309246759
313154320
313964155
316011402
317214191
324088317
329940904
330351454
330401952
330432042
332189741
332810850
334146024
335238034
343330679
344152460
344173208
344197462
348745795
350658392
353355154
355578975
357589583
357619320
362992031
363755755
365890826
370004202
370591656
371257957
373847271
379884083
381388091
382121339
382605871
382810407
393357956
393886085
394009148
394083467
395478944
395581220
396202901
396291699
396900275
398268286
402184120
407162172
410795679
410805387
414717988
419095344
421587470
437811066
438336150
438427205
441689169
441971780
442354012
443254092
444572989
447218428
447423031
448376953
449188283
450131067
451245498
452029638
453683337
457916026
460861914
461417647
465348840
465577579
466306713
466461540
469997518
470264227
470289904
471088807
472272866
472590756
474333912
475505611
475784575
476026521
476065842
478742383
479666738
489303247
490341661
491530423
491744629
491790944
494054564
494202592
498064023
501376952
502886208
503309507
504059649
507266547
510069341
513247941
514471912
515644532
522398134
522939570
524013580
524516530
524581407
527563418
530148650
531290348
532283457
532530654
534166288
534227228
534960261
535528391
540831410
541628734
541779392
543224774
543488468
544073304
546612510
546977059
550547761
561884775
562004498
565785381
568027978
569007499
569663595
569791470
570614279
572820317
574019708
574653097
574780620
578034841
583433225
584286825
584404753
591519738
591810095
592354320
592685663
593154641
593275104
595518153
596666139
598254824
598927526
601044741
603307643
605454953
625887417
626738323
642629149
646145708
649224814
651744479
651909754
654149209
654560896
654890035
664828509
671724670
691448968
704500180
714069646
724758806
727414896
729573637
729913205
735008518
736187674
741014982
741276673
745191307
745861561
746388338
752568517
756077914
756605513
757807984
762254118
764300849
769789976
772348636
774814148
775245944
783715437
784533914
784857856
785954000
787753484
790161648
790939540
791248236
791586016
793076156
799321228
804319461
804424958
806366954
807399644
810708865
811504590
812415970
815113361
819969725
820554328
824182164
834352290
834704183
836006992
836078167
836956856
839477390
839815105
840419702
844368550
844836336
845141773
845163734
847930514
851385008
851727794
852462472
853262740
853286353
854033288
857430041
857718780
857852421
867407040
870450107
870559223
871932000
872443240
873469284
873866957
875058121
875236966
875743979
877703046
879103453
879109996
879632522
879865767
892181004
892283708
893044514
894367200
894923987
897050608
903385399
907905172
910229765
923500605
923712366
925543417
937906706
939494511
944269733
947331444
948661446
951368301
952159654
956080321
956374143
956546399
957283635
957546623
957819409
958648983
960292143
961403288
961888916
961973197
964640052
969934750
974591420
975756363
979575731
980200525
984893276
990180265
991755644
1010908870
1010950767
1015359790
1019150985
1021541192
1030676146
1031420633
1032372691
1040277945
1042862371
1043243321
1045881871
1048162327
1071583872
1072368813
1073731955
1076762925
1084523866
1097760246
1106845557
1107626355
1115726430
1119793553
1121562016
1123418325
1124910552
1131162444
1132377429
1135867468
1137585560
1142692187
1148462118
1149236494
1152457791
1159032443
1160993421
1164071552
1164896686
1173604185
1181335283
1193012710
1198862702
1204876735
1206478706
1206769983
1208523784
1214584907
1217203613
1223764384
1226563470
1256438209
1257733191
1262699551
1276712666
1278508680
1279131909
1281426681
1284652606
1311215156
1337507491
1355377012
1365302221
1378674594
1394383655
1396690416
1402409220
1415673611
1430664223
1434303747
1435077672
1443375160
1445977249
1481747702
1483254372
1519150669
1584185986
1639775147
1641610633
1649952194
1678941294
1757827748
1768110015
1925869219
2366670961
2369882243
2444610365
2447623326
2512190960
2539639750
2575001590
2686805356
2692707811
2694618798
2925722454
59638
715471
1680497
2228714
2245455
3299766
3797240
4706360
4898841
4911191
5517237
6427612
6688069
8763179
13507273
13681192
19860323
23300427
23924372
27122383
28158691
33209850
34027445
44953477
47145252
56602335
56959754
61815414
64426331
68684249
75359998
75787770
80483435
80770341
83668541
85417225
86284888
87077707
87800747
95575858
97280240
103155894
120232888
122171790
124449824
130066339
136286763
137925407
157448441
168701446
172212949
172263996
172467954
173657671
175700387
179190422
183232076
185232508
188227851
188723358
190643500
192227179
200768277
234037007
236416639
237928200
240624600
240965280
243036342
245577959
247249996
247545888
249510224
250452825
270948479
273275463
275345508
275815685
276324904
277208946
277368355
278065878
278944999
279062984
279439118
282788465
285753397
286071548
289679273
294204740
294254151
295006937
295424338
304859253
305946479
306499797
306873291
308594769
309372469
309619197
310517315
310929918
312831458
313312032
315990203
316052052
328297619
329192451
329897164
330761073
331256458
331469964
334113823
337044142
342523372
342841439
343494382
344132768
344152460
345500804
347633722
348812725
350006700
350343568
350615501
351004714
358018504
358238788
359109527
359788129
360423923
363787708
363960562
364241848
364348760
371085709
373048757
373461937
377170073
377265409
378269370
379806749
381132100
382121339
382971145
384768062
386335749
389401641
392692595
397680879
397874531
398257826
398787968
398868276
406977432
408642571
415010586
416497835
419578873
421788202
424068004
434437996
439951634
445974399
446116177
447560958
448261788
448535132
450107470
450128257
454847600
455122417
457730063
458878068
458999506
459033675
462256416
463533356
463551846
465641280
466570901
472952500
475487143
475551419
476853805
477310991
479263336
490079074
490392466
491335285
496549754
496912685
497080818
498293147
499689248
502374223
503668181
504860339
505258133
506531129
510098687
511085065
511676579
512279744
513861554
517554225
517643365
524030581
525332018
528468218
530001448
530198268
530274159
530360989
539956972
543570284
546914459
546977059
547459126
547704105
549191457
549818516
550252221
554068264
554239386
561884775
565757183
573890180
574704512
582987577
584286825
592165023
592722157
594089045
596666139
597306708
598202968
601466654
602188835
605342617
610003446
610009263
614222174
616419640
624414973
625386616
625746080
626576646
631248441
634207740
644762229
646332917
651243213
652027853
674891298
694621358
695757734
704183796
704466292
704956171
706493028
707410951
708831492
710272827
710317347
710951281
714791549
715338919
721790789
728004121
731308691
732053226
735854008
735874333
735892667
735921308
736165084
736228364
738508864
741934121
742756631
745469792
747635233
749476461
756345991
757662099
759896275
759928412
760165291
760454185
761264937
764269354
765838185
767056274
772098936
774133991
779549242
781160304
781890847
784311607
784632054
784857856
785066135
791001641
791155080
792380912
793140427
794396566
806788654
809248023
809293095
810423095
812717340
812770281
814595523
815052803
815862805
822463277
824821195
824905590
825247366
827292725
827294143
834152015
836920386
841583980
844826845
846964515
850585616
851238151
851483264
857718780
861215417
862294906
862899676
863312822
864753915
865181034
867001536
869870481
872482765
874633043
875058121
875641626
877819817
878256733
879522662
892650461
893033929
895662479
895712399
896531520
897198640
897746637
904851068
907033972
910212687
923537402
925462151
929051039
932328909
935116593
935551275
937532506
940856352
945856817
945961209
946736079
953555958
954559854
963637392
969641259
970062330
976644211
984379384
984441818
986598095
987154740
993896022
996979316
1006585560
1007050671
1010237753
1011798219
1015174467
1018759666
1023009775
1033736685
1034274507
1035822586
1037111835
1037975381
1042072812
1046580595
1052656462
1054431375
1056033873
1056215553
1063931862
1064366107
1073504180
1075376260
1079097942
1095021071
1095529258
1098501351
1105936019
1106142415
1120747083
1127537869
1127831548
1131162444
1135380555
1144939056
1147615581
1158836925
1160718828
1164100493
1164468568
1171280726
1183860498
1210632215
1219839894
1229477508
1239223800
1241254389
1243587354
1257993136
1262699551
1262718128
1263164912
1269497833
1317133051
1329310351
1337119895
1340267078
1341351342
1344841817
1355972053
1356968960
1358339569
1360627245
1361166297
1366690377
1367540174
1367567931
1370347110
1374324343
1378674594
1396656330
1398156299
1402971281
1415704885
1416244079
1419136987
1428891417
1433830364
1447806715
1533288078
1533580026
1542770554
1543589377
1546173030
1551207200
1575389717
1596920666
1598579517
1694325848
1751792936
1756645999
1757102059
1759362343
1783531745
1795251441
1872882422
1910937940
1922529296
1972590623
1993910086
2214151617
2289614558
2358355398
2368823677
2550722456
2550915653
2631040425
2649275176
2757188197
226506
230195
305291
896656
1101184
2245455
6276424
7896833
8538562
23300427
31896152
35767694
36362796
39933309
45174960
53273066
53689538
54335813
66056540
75570855
77483116
77511371
79309538
80806039
83863247
84101016
84467629
85807025
88138178
89930102
100475787
113021767
117224449
119257350
120168014
121436335
124780540
130588556
130929880
133111475
136173170
136752969
137587498
138063375
171613949
173387881
184045903
184278332
185195661
185336691
185939329
189651275
190757089
237649412
243716142
244043538
244960041
245011908
247416303
247550872
247561311
250222737
250639846
251430972
251898878
253374683
254013081
260813983
269021167
270022694
275137479
281443960
285112984
291162116
295230047
295951919
308254417
308887039
312014234
314198172
315923178
316663344
318882042
327956212
328626454
330434095
342105884
343178526
343493296
345437437
345809253
346291227
346444865
346892884
347582640
348954485
349922148
350349350
350615501
352188875
353788138
353876453
354561338
357476244
358179144
361168050
361719056
362293295
363362061
364469579
370122313
370825657
372653968
372997358
373579924
375717092
378256393
378955364
379432770
379489838
384768062
392408892
398257826
398637307
398684414
399248810
402292744
408851849
414462891
416373828
416497835
416613619
420079155
421696615
424373569
425602965
443776923
444868816
445285240
446017445
451022337
451447805
452858067
454137115
461320945
463033546
466353321
466905402
469800339
469987837
470755357
471132235
475412558
490884826
492835602
493351916
493788287
496061617
499012959
502262598
503326205
504860339
505283566
506188907
509668026
510060479
510271564
513969749
519550035
525224110
525291106
527817210
532303903
534052953
534960158
541407127
543250706
546171957
549422959
549715984
550508738
553155607
562782716
562891161
564362199
565783126
568108342
571478089
571710383
571982851
572036725
572208808
572771079
573139283
577596950
577998798
578214300
578659681
584286825
591179367
595016816
595969811
597864337
601184800
601306355
602195747
603015638
603149621
605027658
609083056
609692733
615737045
616146519
617590106
623431203
630392345
631211539
635425974
643742669
645948527
648498762
673753268
673946548
690710561
693767629
694441922
704707745
709409283
714048910
724955475
727584706
729442526
736224368
741542668
747286262
747699741
747925096
751262017
752613394
758245547
758874677
760262402
763711707
766403965
767538994
767723194
769267314
769488373
779816736
785416830
787753484
790621802
791094970
791608230
791690343
792418394
798720842
799402894
799644414
806019037
806067808
809582160
813001955
821543707
824448523
824688188
825342799
825475667
837025615
839945898
840026077
840567106
840861656
841356364
842600259
844703706
845091988
845138560
846630430
846782823
847050679
847443811
848031654
848229677
851349047
852201515
857601676
857723031
861215417
861333709
863029285
867303112
871124784
872109862
873095618
873964294
875058121
878512240
892920988
895179555
895430250
896650091
897294020
897671383
903557936
904402155
906831730
907690181
915182865
916254771
920558626
920685990
923896686
929428036
931306497
934675053
937765354
943663836
943926842
944569256
945547053
947699934
948066481
949541633
951282085
951965272
952733233
953491356
953551705
956587777
956652136
961930656
962947760
969152999
969581932
970723068
971217065
972518772
975180920
975595922
975617970
976416995
979597192
980944294
981053110
981837867
993748468
995622256
997113879
1002548332
1004014216
1005117811
1007272662
1009309063
1013069094
1015163689
1015779611
1017659696
1019652202
1023188843
1023265440
1026986459
1033573610
1037822258
1040580490
1041962595
1042344579
1044816316
1047610842
1050395276
1052344990
1052536379
1054522395
1055015855
1057113304
1058147650
1058394260
1059245458
1061431852
1063503740
1064067507
1066059180
1066122624
1067283457
1067827881
1069099489
1069220302
1069383797
1073260622
1075570466
1078534530
1078799833
1085214487
1090935761
1091862494
1097617125
1099068203
1099980739
1101356390
1105107779
1114190595
1120658946
1123281430
1126450282
1130227597
1130342554
1134130121
1135909650
1136340921
1136682107
1137465737
1140295207
1147378297
1156969587
1157610763
1157717457
1161106448
1174816213
1179165163
1181497883
1191120515
1195895341
1207482015
1207785826
1217298296
1249330509
1251529743
1252652586
1262699551
1278345458
1293250389
1298477917
1332338645
1342376476
1343183016
1343337635
1344389322
1349963004
1353053940
1359092246
1360661802
1361320719
1378592853
1404855808
1406580825
1406584753
1414854140
1419828056
1432554217
1432685466
1436881356
1439930602
1461220740
1466650488
1490963576
1505033315
1522247061
1546931102
1556937933
1570350179
1572226799
1581973613
1593006346
1605233423
1607310725
1612647762
1623511563
1656553834
1711765689
1738203840
1753757638
1759922800
1763167088
1773382790
1805124147
1871388082
1938063032
1969459837
1977235219
1981637838
2209593641
2274919967
2359650108
2402874646
2545277220
2624044622
2665864373
2681785322
2806800209
22924
104966
230195
436502
606106
702581
3793557
3911639
4280627
4706360
4754093
4911191
5231375
5906811
6051804
6062656
6427612
6443884
6799545
6886577
7174338
7635411
8398321
8655585
9192097
9199927
9625548
9673661
11826253
12002755
12444770
13083889
13547717
15383248
23186186
23546479
24197932
27685523
30414191
31008421
33846586
37755489
37876411
38997902
41140040
43175792
43329001
43459956
47077819
47191922
56681711
58243520
66673732
70784420
76310559
76584053
78095830
78736356
78954668
79390288
80389028
80494424
81861620
83539790
85328885
86284888
89921912
89921913
94242270
95883143
99320628
99715199
102102555
107733295
109138916
116570471
121521924
121527835
121538793
122087807
123000609
125230500
133352491
136399871
138550270
173945676
173968887
179566378
179940533
179992822
181501501
184311298
184839099
185827249
187099998
190708996
195365969
200173737
226589287
229593344
229607397
232130747
232847515
243365277
244087419
247518853
249510224
252286676
252833861
254148690
270474202
270569468
275277732
275511833
276723888
276736069
276759219
277818932
277892308
279467111
280386687
283078713
283243205
284521389
296085975
296964531
307312974
307587229
309235563
312373018
313066240
314029000
316703462
327360298
327750611
329412063
329878077
330153542
330937475
331505233
337044142
342185486
342634222
344160867
346001255
348027899
348464430
348666218
349148286
349540464
350998453
351874382
353512776
359105303
359622330
360836143
363033022
369871085
370022712
370485111
372895757
373248000
373464083
374422415
375423876
375868395
378230896
379544742
379875150
380531237
381010937
381612618
384469016
386365366
389147172
389159546
390176054
392114889
392221909
393116032
394589807
395249475
395948401
396797962
396991058
399138713
404258810
404850604
404868302
405328458
407047534
407704254
408316285
409552552
411104773
411750732
411799602
412310723
413337256
413845356
414131789
414545612
419921507
420466691
423294347
425189159
429578374
429630211
429736154
434507662
434768105
435029940
435401829
437322600
441726493
442400512
442401506
444343096
447152710
447917292
450238716
450276044
452972690
453554815
454249492
454312079
455583597
457286896
458472106
459047161
459874809
459911462
460960221
461470308
464725915
465212916
465748062
466962174
469631963
470369924
471339373
471717115
472093324
472320311
474182520
475193258
475247988
476423827
490146213
491831769
494148144
496288753
496468799
497895385
499050679
499583398
502529745
503567835
504518233
511980854
514403049
514435718
516716214
519165351
527486067
527546451
529024466
529895525
530346307
530453092
531891655
532276849
539610777
542460200
542596985
542621513
543792654
543918717
546977059
549503987
554030359
565385044
565763636
568074873
571969776
575870217
576906082
582094689
582681058
583015568
583147836
583922120
584127615
584286825
591158858
591442787
591575889
591702166
596309097
596758973
597024842
598340134
598423363
598605504
599139561
603810280
609920747
610325297
614775495
617027403
617701392
623699892
625600088
626515990
626742031
631875494
641011534
641921830
645180577
649737571
649754995
651172714
670584986
673232741
675377001
675833273
690320715
690724090
690760888
693913327
694092145
694149713
706675894
707772071
709307493
710077679
710661198
715595968
719590036
723539263
724292746
724367182
728642607
729273784
729773006
732474203
741395943
741778519
745919325
746015639
751523394
754083285
756120832
762063962
764319482
771038863
771076662
775803330
775845031
782702142
784857856
790940374
792170447
792643749
793052313
804390233
805159137
805346603
806456959
807284988
809432967
812664601
814376662
814820391
815341296
819160195
819941078
824294135
824323038
824546578
825507464
826523403
835351885
835923444
837854698
838194030
838599953
838763315
844309370
845197152
845224199
846513887
849489562
849534795
851275089
854294910
854481972
863641754
867981778
869170091
872932161
872943336
874314730
874355006
875058121
879712204
895983556
904280638
906373116
906889954
915164686
915941584
918573067
925849758
935000586
945737544
946736079
948079288
949516268
949605995
949714712
952664947
956499116
963851680
965964549
970062330
971043468
974730263
975095447
991909123
1002031077
1006153548
1017821263
1018642185
1020314819
1033902874
1040335845
1048101345
1056526980
1058870580
1064995624
1092581355
1101723276
1109218073
1125096181
1126564680
1126675311
1135793354
1147764461
1148944163
1152121674
1156716017
1156801699
1206556592
1219191920
1219458737
1249867043
1262699551
1272342671
1327015905
1360914475
1398034125
1441898966
1444024435
1461995449
1490618269
1532735430
1549756285
1721314847
1830639388
1872791928
1906478034
1939293729
2218188743
2233916868
2290034880
2310588616
2399034230
2622305476
771110
981886
2059398
2700590
4734571
5234039
5517237
5627917
6445692
6747379
6836492
7677618
8763179
9379552
9450404
11166293
11456821
16984186
20138050
20192006
21135814
28208442
31912123
39439719
40894971
44460015
45791345
51970476
52317454
58462875
58673588
64040999
68868791
75286486
78021112
78193173
79453841
79493496
79596994
83762850
84136223
86066940
86164326
87586696
114446109
120079890
123779081
130328763
137193072
139994782
147094341
153221402
154196661
154421007
156060635
157285384
157765224
165176280
171733415
173547180
178380695
179344062
179685078
181457584
188106482
214692246
214985339
232910834
234037007
234867117
240778728
244413974
251285666
251737320
254023497
258527927
258829711
260835376
268090175
269503883
270198690
270572370
271802003
272267288
272755246
274018720
275811429
277672144
278283888
278851066
280210928
281954191
282556100
287069375
294136065
295457725
296212889
296253693
303415702
305479040
305946479
313697292
316106267
317039005
326220667
327067947
330432042
332374418
334113823
342682960
343953418
345011300
347244866
347625898
349779306
350349350
358884506
359855809
361547250
362598651
364251737
365786440
369941301
371143725
373054996
375935340
378499201
378604680
379558554
379828666
379875150
381568953
385896390
391278030
391353256
393242719
393732364
394985317
394990039
395514752
395815256
396202901
396536434
404442713
408680188
409922359
410058191
410496033
414035141
416777366
421606530
429285043
435528536
438551280
438646725
441968578
445374779
446595082
450044479
450194878
450291178
450454432
450546499
453432849
459582852
460961341
461078927
463533356
466653156
467008199
467604897
472291460
472958874
473772778
476340987
477596403
490672799
490840349
490922225
491943172
492374331
492423796
492835602
492974993
499282484
503574928
505905439
514068980
514077549
515007691
516694841
516927109
517369445
517586730
522373728
523677104
528762110
530214421
531849349
532424087
534091903
534463730
539943532
540392956
540557599
541249030
546387134
550921990
553946500
554068264
554229649
554870679
565261509
568822310
574421978
584065784
584286825
584300074
593735266
594089045
594927525
595270308
596666139
598605504
598808641
599921221
601272156
610520792
610938661
616977354
617651232
623261782
644283965
644474604
645099582
646799886
648350790
648876543
649551845
654411358
654954415
670186604
674925231
690068261
694969820
704631312
714261717
719193141
719691981
719965421
724401000
727769098
734688368
736436890
741161760
745305578
747916158
754489277
754734851
756275895
756752300
757622951
760801560
761176746
761541746
763012860
763688692
765422574
768944161
769088447
769574893
769691418
769777134
769906772
770255059
771038863
772098936
773914845
774853736
775120833
775130489
776223791
779110757
781458235
784857856
786052180
791765236
792954593
794846364
799468366
799473881
799938481
805061505
805597257
809759262
809894693
810112473
810967403
814423972
815244155
819526650
820897678
827663645
834107633
839918283
840290332
840814331
841332419
850608254
851525097
857683419
861407260
862056265
865008393
865447339
867052357
867053898
867396732
869544257
871425753
871499930
871743361
874622814
875058121
876339623
877240714
879660407
892280194
894191985
894765371
895822955
897570147
897680078
903154448
904851068
908887478
911699550
914936703
915842441
918001998
925570742
928871283
931057605
935051216
938345988
939252055
939905055
940884563
942299097
944620852
945075265
946849437
947503698
949866770
961836976
961997235
962820486
963206881
963909189
230195
641734
1463666
2228714
3400437
4907729
4911191
5517237
8763179
8998973
19939622
23300427
25355365
33209850
37689876
44320292
44460015
45791345
51235144
57002887
61815414
65054493
65538222
75787770
75997487
77870952
79596994
84136223
113021767
120317588
123754725
124209627
137894712
138161518
168880505
191390145
215394524
234037007
236416639
240768800
243088175
244422299
249510224
249963303
252508080
260694491
272006875
273398251
274767772
274920565
278944999
281954191
284011145
285935459
287836873
289365147
291023975
292867796
295095390
295951919
296212889
297007466
308618012
308795707
312831458
314261261
316397125
317039005
328296419
330432042
331941552
332024084
334113823
343494382
344152460
344197462
350349350
354219715
355578975
358018504
359675208
359855809
365350565
365786440
373177493
376657912
379307278
379875150
381211239
382971145
390728299
393886085
397281081
398257826
398301306
409529845
414616717
418467601
420492361
429285043
429371411
434385831
437709558
447236793
452439948
452575985
452770650
459582852
461716080
474425941
475184195
476227572
476305839
492374331
492835602
493118851
505905439
512187598
517253670
529526976
530512849
530878561
546977059
547179148
550630230
552310967
552583874
554176242
554577472
554870679
563498724
565261509
565712327
569053225
571107747
576732761
577638694
584128486
584286825
592870386
594089045
601123394
602347548
603031814
603080026
603885704
604841407
605304660
610938661
615982015
616066311
625092301
626994891
630182185
630992623
632532532
634737208
673652191
674882215
690568769
692960152
694360736
695956278
707602069
708807756
708831492
714261717
714280130
727769098
731063677
732733453
734811232
737027344
739876785
745864479
751198533
754913075
756901741
757664259
760439354
769088447
775383329
779760861
782086899
782738242
784502700
784857856
799039037
807519532
814355908
815484385
821103835
834916717
838075529
849769178
851525097
851825609
853155839
857320615
857718780
862542388
862636393
862818980
863951894
865275395
865771225
875506465
877864405
879103453
879997465
894765371
897178312
897570147
903066132
903708350
904485712
907047918
915506555
920867523
929217909
931608643
937764440
939819034
943984489
945547053
949791111
954200190
957233976
963751286
969740440
970062330
974912005
976534253
976812542
978113189
978545454
979638356
979763850
987023737
987221500
991615263
1004031538
1007081583
1010032593
1032144223
1032968929
1035245474
1036636987
1045251070
1047690658
1061964918
1069950540
1091578095
1096684844
1101169714
1101700495
1109786295
1131672640
1132515810
1132568945
1138218169
1157600400
1160110925
1162069336
1164859958
1174120300
1182709501
1198719902
1198889095
1213250506
1224241353
1228235226
1240726282
1248314952
1255742716
1257053800
1262699551
1274841984
1300660204
1303226222
1316700747
1321845830
1324572769
1327719128
1351337201
1370347110
1394231146
1424359647
1432601123
1435077672
1455943697
1462712420
1466918308
1505564414
1542225787
1543589377
1543887745
1552281832
1591114056
1612343990
1625554477
1640709181
1641254286
1710784313
1737893250
1746215042
1768136406
1778063500
1832152632
1969459837
2214151617
2270653520
2428379224
1237612
1974227
2702492
7478004
11411177
33648479
35053301
39047743
48315066
50539791
52960220
53511167
67418880
67567159
78765678
81716223
94595172
99751838
120459131
121175395
123178205
123574121
165113066
174523827
182161156
237347428
253373748
258882740
261438145
263873638
270545567
275721005
282632975
291973021
293532519
296170925
296503279
303421809
307193889
307893958
314481557
318227730
327446358
328418763
328613695
330319504
331246274
332646227
345334854
345553218
348484130
357921270
359733423
360180894
361151547
369045373
370075519
372273562
380076717
389230511
584286825
100384
154308
548234
742332
959857
1663955
4706360
5366683
7561237
7896833
9866242
10574423
10993586
12757564
17768334
23174333
25348151
29567945
36649003
39389262