399001
399002
399003
399004
399005
399006
399007
399008
399009
399010
399011
399012
399013
399015
399100
399101
399102
600656

399103
399106
399107
399108
399231
399232
399233
399234
399235
399236
399237
399238
399239
399240
399241
399242
399243
399244
399248
399249
399298






751036
751312
751805
751807
751810
751817
751970
751971
751972
751973
751974
751975
751976
751977
751978
751979
751980
751981
751982
751987
751988
751989
751990
751991
751992
751994
751995
751996
751997
751998
751999


019013
019027
019039
019108
019114
019116
019117
019119
019205
019209
019210
019214
019215
019221
019301
019304
019306
019308
019313
019317
019320
019323
019401
019405
019406
019411
019412
019415
019418
019419
019420
019422
019427
019428
019801

JPG304
JPR102
010501
010703
112004
112027
112040
112043
112059
112095
112105
112113
112114
112139
112140
112141
112152
112187
112188
112200
112208
112211
112218
112233
117516
118005
118014
118018
118020
118034
118043
118045
118052
118054
118061
118079
118083
118086
118094
118095
118097
118098
118099
118107
118118
118119
118126
118128
118163
118173
118179
118189
118191
118194
118201
118202
118203
118213
118214
118224
118237
118239
118261
118265
118281
118282
118283
118286
118297
118298
118299
118905
118907
118908
119031
119033
119053
119063
119064
119065
119066
119067
119068
119069
119078
119079
119082
119084
119085
119086
119093
119103
119104
119109
119110
119122
128007
150068
150078
150127
161222




101014
101204
101215
101320
101403
101413
101425
111029
111067


JBC204
JBC402
JBF218
JBF219
JBG607
JBG608
JBH116
JBH217
JBH218
JBJ613
JBJ901
JBJ902
JBN119
JBN302
JBN303
JBT307
JBT308
JBT401
JBT407
JBZ107
JBZ409
JBZ410
JCB105
JCB106
JCB302
JCC402
JCD103
JCD105
JCD302
JCF203
JCF204
JCG210
JCG211
JCH505
JCJ104
JCJ108
JCJ110
JCJ111
JCJ112
JCJ113
JCN103
JCN107
JCP102
JCP105
JCP203
JCS301
JCT201
JCT304
JCZ107
JCZ413
JSZ418
JSZ419


010308
010601
010701
019006
019016
019025
019035
019107
019113
019125
019201
019202
019211
019302
019307
019314
019322
019805
019826
019904


020051
020052
020053
020054
020055
020056
020057
020059
020061
020064
020065
020068
020070
020074

110003
110007
110013
110016
110020
110024
113003
113005
120302
120304
120305
120307
120308
120309
120310
120311
120482
120483
120485
120488
120489
120606
122003
122005
122011
122012
122013
122014
122018
122020
122022
122023
122024
122025
122026
122029
122033
122034
122035
122036
122038
122040
122044
122045
122089
122092
122095
122098
122122
122129
122130
122943
122947
122960
122970
122979
122985
122987
122991
122992
122993
122994
122997
122998
126003
126006
126007
126008
126009
126010
126011
126013
126014
126015
126016
126017
127002
399299
399300
399301
399302
399303
399305
399306
399307
399310
399311
399312
031002
031004
031005
031006
031007
100501
108071
112001
112060
112063
118019
118065
118066
118067
118077
118078
118080
118084
118088
118091
118190
119055
127002
150069
150070
150071
150072
399313
399314
399315
399316
399317
399318
399319
399320
399321
399322
519521
519522
519523
399324
399326
399328
399330
399332
399333
399335
399337
399339
399341
399344
399346
399348
399350
399351
399352
399353
399355
399356
399357
399358
399359
399360
399361
399362
399363
399364
399365
399366
399367
399368
399369
399370
399371
399372
399373
399374
399375
399376
399377
399378
399379
399380
399381
399382
399383
399384
399385
399386
399387
399388
399389
399390
399391
399392
399393
399394
399395
399396
399397
399398
399399
399400
399401
399402
399403
399404
399405
399406
399407
399408
399409
399410
399411
399412
399413
399415
399416
399417
399418
399419
399420
399423
399427
399428
399429
399431
399432
399433
399434
399435
399436
399437
399438
399439
399440
399441
399481
399550
399551
399552
399553
399554
399555
399556
399557
399602
399604
399606
399608
399610
399611
399612
399613
399614
399615
399616
399617
399618
399619
399620
399621
399622
399623
399624
399625
399626
399627
399628
399629
399630
399631
399632
399633
399634
399635
399636
399637
399638
399639
399640
399641
399642
399643
399644
399645
399646
399647
399648
399649
399650
399651
399652
399653
399654
399655
399656
399657
399658
399659
399660
399661
399662
399663
399664
399665
399666
399667
399668
399669
399670
399671
399672
399673
399701
399702
399703
399704
399705
399706
399802
399901
399902
399903
399904
399905
399906
399907
399908
399909
399910
399911
399912
399913
399914
399915
399916
399917
399918
399919
399920
399921
399922
399923
399924
399925
399926
399927
399928
399929
399930
399931
399932
399933
399934
399935
399936
399937
399938
399939
399940
399941
399942
399943
399944
399945
399946
399947
399948
399949
399950
399951
399952
399953
399954
399955
399956
399957
399958
399959
399960
399961
399962
399963
399964
399965
399966
399967
399968
399969
399970
399971
399972
399973
399974
399977
399978
399979
399980
399981
399982
399984
399985
3C0001
3C0002
3C0003


519167
519191
519505
519506
519507
519508
519509
519510
519511
519512
519513
519518
519528
519529
519566
519567
519598
519599
519680
519808
519878
519886


124102
124116
124126
124131
124140
124142
124148
124149
124151
124155
124160
124168
124174
124185
124187
124191
124198
124201
124203
124208
124211
124215
124216
124227
124230
124238
124242
124253
124265
124268
124273
124274
124277
124284
124285
124286
124287
124312
124314
124350
124368
124380
124381
124394
124431
124434
124438
124439
124441
124443
124462
124475
124479
124480
124487
124492
124504
124508
124511
124522
124524
124526
124535
124542
124543
124556
124561
124563
124573
124575
124589
124600
124605
124607
124611
124612
124625
124627
124628
124629
124632
124635
124640
124644
124650
124652
124654
124655
124661
124666
124676
124695
124703
124705
124707
124709
124711
124713
124722
124723
124745
124754
124772
124775
124783
124787
124801
124802
124811
124815
124818
124820
124822
124827
124828
124830
124834
124839
124842
124858
124860
124863
124881
124894
124901
124911
124920
124921
124929
124931
124934
124936
124945
124949
124951
124953
124956
124958
124962
124964
124970
124972
124975
124977
124979
124986
127005
127016
127040
204001
204002
204003
204004
204007
204014
204028
204091
204182



122001
122108
122116
122117
122223
122270
122275
122312
122324
122327
122330
122339
122348
122355
122357
122502
122505
122508
122513
122519
122532
122534
122549
122557
122559
122583
122597
122614
122618
122626
122635
122649
122660
122661
122662
122668
122679
122680
122681
122689
122693
122695
122698
122702
122703
122707
122708
122710
122714
122715
122718
122721
122722
122726
122727
122731
122732
122742
122743
122749
122750
122752
122755
122757
122761
122775
122781
122787
122792
122793
122798
122799
122801
122805
122807
122811
122813
122815
122828
122830
122832
122834
122848
122857
122873
122877
122882
122884
122888
122895
122904
122905
122911
122912
122915
122916
122921
122923
122925
122929
122930
122931
122935
122936
122937
122939
122940
122941
122944
122945
122946
122948
122949
122951
122952
122954
122958
122964
122966
122967
122968
122973
122974
122982
122983
122984
122988
122996
124007
124016
124020
124035
124036
124049
124052
124060
124080
124087
124092
124094


JPT102
JSN211
JSN212
019207
019312
019407
019408
019414
019424
019429
020071
120486
120510
120519
120527
120529
120701



200770




119025
119026
119027
119030
119032
119080
119111
119112
119113
119401
119403



118024
118025
118026
118030
118036
118038
118040
118049
118059
118062
118073
118075
118089
118092
118093
118104
118105
118112
118113
118116
118122
118124
118132
118140
118141
118142
118149
118169
118175
118176
118178
118197
118200
118204
118289
118901
118910



117003


112023
112029
112041
112072
112085
112099
112108
112129
112132
112135
112147
112148
112159
112173
112177
112212
112225
112228
112232
112234
112235


111039
111041
111042
111045
111047
111048
111049
111056
111057

101002
101008
101013
101412


1A0001
1A0002
1A0003
1B0001
1B0002
1B0004
1B0005
1B0006
1B0007
1B0008
1B0009
1B0012
1B0013
1B0015
1B0016
1B0017
1B0018
1B0019
1B0020
1B0021
1B0022
1B0023
1B0025
1B0026
1B0027
1B0028
1B0029
1B0030
1B0031
1B0032
1B0033
1B0034
1B0035
1B0036
1B0037
1B0038
1B0039
1B0040
1B0041
1B0042
1B0043
1B0044
1B0045
1B0046
1B0047
1B0048
1B0049
1B0050
1B0051
1B0052
1B0053
1B0054
1B0055
1B0056
1B0057
1B0058
1B0059
1B0060
1B0061
1B0062
1B0063
1B0064
1B0065
1B0066
1B0067
1B0068
1B0069
1B0070
1B0071
1B0072
1B0073
1B0074
1B0075
1B0076
1B0077
1B0078
1B0079
1B0090
1B0091
1B0092
1B0093
1B0094
1B0095
1B0096
1B0097
1B0098
1B0099
1B0100
1B0101
1B0102
1B0103
1B0104
1B0105
1B0106
1B0107
1B0108
1B0109
1B0110
1B0111
1B0112
1B0113
1B0114
1B0115
1B0116
1B0117
1B0118
1B0119
1B0120
1B0121
1B0122
1B0123
1B0125
1B0126
1B0128
1B0129
1B0130
1B0131
1B0132
1B0133
1B0134
1B0135
1B0136
1B0137
1B0138
1B0139
1B0141
1B0142
1B0145
1B0146
1B0147
1B0148
1B0149
1B0150
1B0151
1B0152
1B0153
1B0155
1B0158
1B0159
1B0300
1B0801
1B0802
1B0803
1B0804
1B0805
1B0806
1B0807
1B0808
1B0809
1B0810
1B0811
1B0812
1B0813
1B0814
1B0815
1B0816
1B0817
1B0818
1B0819
1B0820
1B0821
1B0822
1B0823
1B0824
1B0825
1B0826
1B0827
1B0828
1B0829
1B0830
1B0831
1B0832
1B0833
1B0838
1B0839
1B0840
1B0841
1B0842
1B0843
1B0844
1B0846
1B0847
1B0849
1B0850
1B0851
1B0852
1B0855
1B0901
1B0902
1B0903
1B0904
1B0905
1B0906
1B0907
1B0908
1B0909
1B0910
1B0911
1B0912
1B0913
1B0914
1B0915
1B0916
1B0917
1B0918
1B0919
1B0920
1B0921
1B0922
1B0923
1B0924
1B0925
1B0926
1B0927
1B0928
1B0929
1B0930
1B0931
1B0932
1B0933
1B0934
1B0935
1B0936
1B0937
1B0938
1B0939
1B0940
1B0941
1B0942
1B0943
1B0944
1B0945
1B0946
1B0947
1B0948
1B0949
1B0950
1B0951
1B0952
1B0953
1B0954
1B0955
1B0956
1B0957
1B0958
1B0959
1B0960
1B0961
1B0962
1B0963
1B0964
1B0965
1B0966
1B0967
1B0968
1B0969
1B0970
1B0971
1B0972
1B0973
1B0974
1B0975
1B0976
1B0977
1B0978
1B0979
1B0980
1B0981
1B0982
1B0983
1B0984
1B0985
1B0986
1B0987
1B0988
1B0989
1B0990
1B0991
1B0992
1B0993
1B0994
1B0995
1B0996
1B0997
1B0998
1B0999
1C0001
1C0002













131800
131801
131802
131803
131805
131806
131809
131810
131811


150018
150032
150039
150049
150051
150053
150066
150094
150096
150100
150108
150117
150121
150123
150134
150138
150140
150143
150144
150145
150150
150153
150157
150164
150165
150167
150169
150171
150173
150174
150175
150177
150178
150179
150187
150189
150192
150193
150194
150195
150203




110015
110017
110018
110022
110027
113001
113002
120501
120516
120525
120610
122008
122019
122041
122046
122047
122052
122059
122063
122075
122082
122084
122099
122115
122118
122121
122128
122144
122154
122166
122167
122177
122183
122184
122194
122195
122210
122221
122227
122230
122240
122241
122248
122249
122261
122268
122273
122281
122282
122298
122299
122306
122313
122315
122316
122319
122326
122334
122340
122344
122500
122501
122503
122506
122507
122510
122516
122517
122518
122520
122521
122522
122523
122524
122525
122527
122528
122531
122533
122536
122537
122543
122546
122547
122551
122552
122553
122554
122555
122558
122560
122569
122570
122571
122572
122573
122574
122576
122577
122585
122586
122592
122594
122595
122600
122604
122606
122611
122612
122617
122622
122623
122629
122633
122636
122637
122638
122640
122641
122642
122644
122650
122654
122658
122659
122663
122664
122665
122667
122669
122670
122671
122672
122676
122684
122691
122696
122697
122701
122706
122709
122712
122716
122717
122720
122725
122728
122747
122748
122751
122758
122759
122762
122767
122771
122780
122783
122789
122795
122796
122800
122804
122806
122816
122824
122827
122838
122847
122849
122851
122855
122862
122867
122870
122879
122880
122894
122896
122898
122907
122908
122910
122933
122953
122959
122976
122981
124005
124011
124013
124021
124022
124023
124024
124027
124028
124030
124032
124033
124037
124042
124045
124047
124051
124055
124057
124058
124062
124065
124070
124074
124083
124085
124091
124099
124100
124104
124110
124113
124114
124117
124118
124124
124125
124127
124128
124132
124134
124136
124137
124139
124141
124143
124150
124156
124163
124166
124169
124170
124172
124180
124188
124189
124190
124192
124200
124204
124205
124207
124209
124210
124212
124213
124214
124217
124220
124221
124222
124225
124226
124229
124231
124232
124235
124236
124239
124241
124244
124245
124248
124250
124251
124255
124257
124259
124260
124261
124266
124267
124269
124270
124276
124278
124279
124280
124289
124292
124293
124295
124298
124299
124300
124302
124303
124305
124306
124307
124310
124311
124315
124317
124318
124321
124322
124324
124329
124330
124336
124337
124340
124341
124343
124344
124346
124347
124348
124349
124352
124356
124359
124360
124361
124364
124365
124369
124370
124371
124375
124376
124377
124379
124385
124386
124390
124392
124396
124397
124398
124399
124400
124401
124403
124407
124408
124409
124410
124413
124415
124416
124421
124423
124424
124425
124426
124428
124432
124435
124437
124442
124445
124446
124448
124450
124452
124454
124455
124458
124459
124461
124463
124464
124466
124468
124469
124472
124473
124477
124482
124483
124491
124496
124499
124502
124505
124509
124510
124513
124514
124515
124516
124518
124520
124521
124523
124525
124527
124534
124536
124540
124541
124546
124547
124548
124549
124550
124551
124554
124555
124557
124558
124559
124560
124569
124574
124578
124579
124580
124582
124587
124588
124590
124593
124594
124596
124606
124609
124610
124613
124614
124618
124619
124620
124621
124630
124631
124633
124634
124637
124638
124639
124646
124648
124649
124651
124653
124658
124659
124660
124662
124663
124665
124667
124672
124673
124674
124678
124680
124683
124685
124686
124687
124689
124692
124693
124697
124698
124700
124701
124704
124710
124714
124718
124721
124724
124725
124726
124727
124730
124732
124735
124738
124742
124743
124744
124746
124748
124750
124752
124753
124757
124758
124760
124762
124763
124764
124767
124768
124770
124773
124774
124777
124778
124779
124786
124789
124792
124795
124796
124799
124803
124804
124805
124808
124809
124810
124812
124814
124823
124831
124833
124835
124836
124837
124840
124843
124852
124854
124855
124859
124862
124867
124870
124871
124872
124874
124877
124882
124883
124884
124886
124887
124889
124895
124896
124897
124898
124903
124907
124908
124912
124918
124924
124926
124935
124937
124938
124942
124943
124948
124961
124965
124966
124967
124974
124984
124988
124989
127004
127011
127029
127030
127043
127048
127058
127059
127060




